# 09302321 0930001 张志伟 19 0103 01 金有为 1 1111000 0 500 0 0 5 1 100 0 0 2 100 0 0 3 100 0 0 4 100 0 0 5 100 0 0 #
# 10010738 1001001 张志伟 19 0104 01 周元琛 1 1111111 1 566 6 7 6 1 2 2 3 3 2 4 3 5 1 6 1 #
# 10050234 1005001 郝子佳 15 0601 06 老干爹 2 1010101 0 254 2 8 2 2 100 0 0 3 154 2 8 #
# 10050245 1005002 李子豪 65 0601 06 老干爹 2 1010101 0 254 2 8 2 2 100 0 0 3 154 2 8 #
# 10050534 1005003 郝佳活 15 0601 06 老干爹 2 1010101 0 254 2 8 2 2 100 0 0 3 154 2 8 #
# 10050634 1005004 阿买提 18 0602 06 罗罗亚 0 1011001 1 566 6 7 6 1 2 2 3 3 2 4 3 5 1 6 1 #
# 10050635 1005005 酷酷提 18 0602 06 罗罗亚 0 1011001 1 566 6 7 6 1 2 2 3 3 2 4 3 5 1 6 1 #
# 10050636 1005006 李子豪 65 0602 06 罗罗亚 0 1011001 1 566 6 7 7 1 2 2 3 3 2 4 3 5 1 6 1 7 8 #
# 10050645 1005007 刘波利 39 0602 06 罗罗亚 0 1011001 0 254 2 8 2 2 100 0 0 3 154 2 8 #
# 10050655 1005008 王晗 19 0602 06 罗罗亚 0 1011001 1 1266 6 7 5 8 2 2 2 4 3 5 1 1 1 #
# 10050656 1005009 李子豪 65 0602 06 罗罗亚 0 1011001 1 566 6 7 7 1 2 2 3 3 2 4 3 5 1 6 1 7 8 #
# 10050744 1005010 刘波利 39 0601 06 老干爹 2 1010101 1 325 6 7 5 8 2 2 2 4 3 5 1 1 1 #
# 10050745 1005011 王晗 19 0202 01 郑修远 1 1010010 1 1266 6 7 5 8 2 2 2 4 3 5 1 1 1 #
# 10052356 1005012 白金和 29 0601 06 老干爹 2 1010101 1 8716 5 7 4 3 2 4 1 6 1 4 5 #
# 10061103 1006001 丁永光 19 0201 02 蔡金浦 3 0101011 2 10061106 10071106 0 10072222 0302 400 #
# 10062120 1006002 张志豪 72 0403 04 白金森 1 0111111 2 10062220 10072206 0 10082323 0402 600 #
# 10062338 1006003 张雪莹 17 0403 04 白金森 1 0111111 1 996 6 6 1 6 1 #
# 10062238 1006004 张志伟 19 0403 04 白金森 1 0111111 1 286 9 9 3 7 7 3 3 2 2 #
# 10062348 1006005 王晗 19 0403 04 白金森 1 0111111 1 286 9 9 3 7 7 3 3 2 2 #
# 10062354 1006006 白金和 13 0502 05 库提堂 0 1111001 1 8716 5 7 4 3 2 4 1 6 1 3 5 #
# 10062355 1006007 刘威 49 0502 05 库提堂 0 1111001 2 10062102 10072324 2900 00000000 0304 600 #
# 10062356 1006008 白金和 29 0502 05 库提堂 0 1111001 1 8716 5 7 4 3 2 4 1 6 1 4 5 #
# 10070234 1007001 郝子佳 15 0502 05 库提堂 0 1111001 0 254 2 8 2 2 100 0 0 3 154 2 8 #
# 10070245 1007002 李子豪 65 0302 03 王嘉欣 1 1011110 1 566 6 7 7 1 2 2 3 3 2 4 3 5 1 6 1 7 8 #
# 10070534 1007003 郝佳活 15 0303 03 李阿达 2 1011101 0 254 2 8 2 2 100 0 0 3 154 2 8 #
# 10070634 1007004 阿买提 18 0501 05 扎克 0 1011001 1 8716 5 7 4 3 2 4 1 6 1 3 5 #
# 10070635 1007005 酷酷提 18 0502 05 库提堂 0 1111001 1 8236 5 7 4 3 2 4 1 6 1 3 5 #
# 10070636 1007006 李子豪 65 0302 03 王嘉欣 1 1011110 1 566 6 7 7 1 2 2 3 3 2 4 3 5 1 6 1 7 8 #
# 10070645 1007007 刘波利 39 0203 02 古德拜 3 1000001 0 254 2 8 2 2 100 0 0 3 154 2 8 #
# 10070655 1007008 王晗 19 0202 01 王嘉欣 1 1010010 1 1266 6 7 5 8 2 2 2 4 3 5 1 1 1 #
# 10070656 1007009 李子豪 65 0202 02 郑修远 1 1011110 1 566 6 7 7 1 2 2 3 3 2 4 3 5 1 6 1 7 8 #
# 10070744 1007010 刘波利 39 0203 02 古德拜 3 1011101 1 325 6 7 5 8 2 2 2 4 3 5 1 1 1 #
# 10070745 1007011 王晗 19 0202 02 郑修远 1 1010010 1 1266 6 7 5 8 2 2 2 4 3 5 1 1 1 #
# 10070748 1007012 李子豪 65 0302 03 王嘉欣 1 1011110 1 566 6 7 7 1 2 2 3 3 2 4 3 5 1 6 1 7 8 #
# 10070755 1007013 刘波利 39 0203 02 古德拜 3 1011101 0 254 2 8 2 2 100 0 0 3 154 2 8 #
# 10070756 1007014 王晗 19 0202 01 郑修远 1 1010010 1 1266 6 7 5 8 2 2 2 4 3 5 1 1 1 #
# 10070759 1007015 李子豪 65 0302 03 王嘉欣 1 1011110 1 566 6 7 7 1 2 2 3 3 2 4 3 5 1 6 1 7 8 #
# 10070845 1007016 王晗 39 0203 02 古德拜 3 1011101 1 123 6 7 5 8 2 2 2 4 3 5 1 1 1 #
# 10070846 1007017 王晗 19 0202 02 古德拜 3 1011101 1 1266 6 7 5 8 2 2 2 4 3 5 1 1 1 #
# 10080234 1008001 郝子佳 15 0303 03 李阿达 2 1011101 0 254 2 8 2 2 100 0 0 3 154 2 8 #
# 10080238 1008002 白金和 13 0102 01 周三四 0 1011001 1 8716 5 7 4 3 2 4 1 6 1 3 5 #
# 10080238 1008003 白金和 29 0102 01 周三四 0 1011001 1 8716 5 7 4 3 2 4 1 6 1 4 5 #
# 10080245 1008004 李子豪 65 0302 03 王嘉欣 1 1011110 1 566 6 7 7 1 2 2 3 3 2 4 3 5 1 6 1 7 8 #
# 10080338 1008005 卢国强 29 0203 02 古德拜 3 1011101 2 10062102 10090909 2700 00000000 0102 800 #
# 10080438 1008006 王晗 19 0602 06 罗罗亚 0 1011001 1 1266 6 7 5 8 2 2 2 4 3 5 1 1 1 #
# 10080538 1008007 张雪莹 17 0102 01 周三四 0 1011001 1 996 6 6 1 6 1 #
# 10080638 1008008 张志伟 19 0602 06 罗罗亚 0 1011001 1 996 6 6 1 6 1 #
# 10080738 1008009 张志伟 19 0104 01 周元琛 1 1111111 1 566 6 7 6 1 2 2 3 3 2 4 3 5 1 6 1 #
# 10090238 1008010 白金和 13 0102 01 周三四 0 1011001 1 8716 5 7 4 3 2 4 1 6 1 3 5 #
# 10090239 1009001 加油欧 29 0102 01 周三四 0 1011001 1 4566 5 7 4 3 2 4 1 6 1 4 5 #
# 10090245 1009002 李子豪 65 0302 03 王嘉欣 1 1011110 1 566 6 7 7 1 2 2 3 3 2 4 3 5 1 6 1 7 8 #
# 10090338 1009003 章家栋 32 0202 02 古德拜 3 1011101 2 10062102 10072233 2700 00000000 0502 800 #
# 10090438 1009004 王晗 19 0302 03 王嘉欣 1 1011110 1 1266 6 7 5 8 2 2 2 4 3 5 1 1 1 #
# 10090538 1009005 张雪莹 17 0302 03 王嘉欣 1 1011110 1 996 6 6 1 6 1 #
# 10090638 1009006 张志伟 19 0302 03 王嘉欣 1 1011110 1 286 9 9 3 7 7 3 3 2 2 #
# 10090738 1009007 张志伟 19 0302 03 王嘉欣 1 1011110 1 566 6 7 6 1 2 2 3 3 2 4 3 5 1 6 1 #
# 10090234 1009008 郝子佳 15 0302 03 王嘉欣 1 1011110 0 254 2 8 2 2 100 0 0 3 154 2 8 #
# 10090238 1009009 白金和 13 0302 03 王嘉欣 1 1011110 1 8716 5 7 4 3 2 4 1 6 1 3 5 #
# 10090238 1009010 白金和 29 0601 06 老干爹 2 1010101 1 8716 5 7 4 3 2 4 1 6 1 4 5 #
# 10090245 1009011 李子豪 65 0601 06 老干爹 2 1010101 1 566 6 7 7 1 2 2 3 3 2 4 3 5 1 6 1 7 8 #
# 10090338 1009012 刘波利 31 0601 06 老干爹 2 1010101 2 10062102 10070854 2700 00000000 0602 800 #
# 10090438 1009013 王晗 19 0601 06 老干爹 2 1010101 1 1266 6 7 5 8 2 2 2 4 3 5 1 1 1 #
# 10090538 1009014 张雪莹 17 0403 04 白金森 0 0111111 1 996 6 6 1 6 1 #
# 10090638 1009015 张志伟 19 0403 04 白金森 0 0111111 1 286 9 9 3 7 7 3 3 2 2 #
# 10090738 1009016 张志伟 19 0403 04 白金森 0 0111111 1 566 6 7 6 1 2 2 3 3 2 4 3 5 1 6 1 #
# 10091103 1009017 晨一笑 19 0403 04 白金森 0 0111111 2 10091106 10101106 1700 00000000 0302 700 #
# 10092120 1009018 张志豪 45 0302 03 王嘉欣 1 1011110 2 10092220 10101106 1700 00000000 0402 900 #
# 10092121 1009019 张志伟 16 0302 03 王嘉欣 1 1011110 0 500 0 0 5 1 100 0 0 2 100 0 0 3 100 0 0 4 100 0 0 5 100 0 0 #
# 10092122 1009020 章家栋 59 0401 04 智秀和 1 1011000 0 700 0 0 5 1 300 0 0 2 100 0 0 3 100 0 0 4 100 0 0 5 100 0 0 #
# 10092122 1009021 无杂树 79 0201 02 蔡金浦 3 0101011 0 700 0 0 5 1 300 0 0 2 100 0 0 3 100 0 0 4 100 0 0 5 100 0 0 #
# 10092123 1009022 张伟一 49 0104 01 周元琛 1 1111111 1 566 6 7 6 1 2 2 3 3 2 4 3 5 1 6 1 #
