# 王心怡 1 01 1001010 0101 0 088 00 #
# 周三四 0 01 1011001 0102 0 099 00 #
# 金有为 1 01 1111000 0103 0 012 00 #
# 周元琛 1 01 1111111 0104 0 999 00 #
# 蔡金浦 3 02 0101011 0201 0 028 00 #
# 郑修远 1 02 1010010 0202 0 088 00 #
# 古德拜 3 02 1011101 0203 0 011 00 #
# 周志豪 1 03 1111101 0301 0 009 00 #
# 王嘉欣 1 03 1011110 0302 0 111 00 #
# 李阿达 2 03 1011101 0303 0 200 00 #
# 李狗蛋 2 03 1010101 0304 0 057 00 #
# 智秀和 1 04 1011000 0401 0 088 00 #
# 白金森 1 04 0111111 0403 0 090 00 #
# 老干爹 2 06 1010101 0601 0 054 00 #
# 罗罗亚 0 06 1011001 0602 0 099 00 #